
N=400
featuresVec =

    66    80    59    60    56    82    56


N=200

fVec =

    30    38    28    39    25    42    29


N=800
fVec2 =

   161   183   147   266   119   163   224



N=400   r=5  delta = 20
fVec3 =

    31    32    14    23    10    44    27

N=400 r=15 delta = 20
fVec4 =

   126   127   135   112   106   134   103


N=400 r=7 delta = 20
fVec4 =

    46    50    33    42    22    62    40


fVec5 =

    89    92   133   112   107   103    68