N=400 r=10 delta=20
vecL1 =

    73    68    55    39    38    62    37




N=600 r=10 delta=20
vecL2 =

   102   108    93    54    88    85    87

N=200 r=10 delta=20
vecL3 =

    35    33    29    20    13    27    15

N=800 r=10 delta=20
vecL4 =

   143   159   143   119   133   129   193






N=400 r=5 delta=20
vecL5 =

    32    25    16    16     9    11    14


N=400 r=15 delta=20
vecL6 =

   138   124   120    76   101   111    75