N=400 r=10 delta=20
vecL1 =

    73    68    55    39    38    62    37




N=600 r=10 delta=20
vecL2 =

   102   108    93    54    88    85    87

N=200 r=10 delta=20
vecL3 =

    35    33    29    20    13    27    15

N=800 r=10 delta=20
vecL4 =

   143   159   143   119   133   129   193






N=400 r=5 delta=20
vecL5 =

    32    25    16    16     9    11    14


N=400 r=15 delta=20
vecL6 =

   138   124   120    76   101   111    75

N=400 r=7 delta=20
vecL6 =

    45    40    30    22    18    25    19





N=400 r=10 delta=13
vecL8 =

    75    89   102    72    68    79    44

N=400 r=10 delta=17
VecL8=

80    86    74    50    46    72    40


N=400 r=10 delta=25
vecL8 =

    52    55    44    26    44    55    38